c random_graph: 50 vertices, 70 edges, seed = 10, Thu Apr  6 03:49:25 2023
g 50 70
e 1 2 641584702
e 1 3 1062123783
e 1 4 951367352
e 4 5 1786516046
e 2 6 1252673902
e 3 7 54055886
e 6 8 1523012605
e 1 9 570298916
e 8 10 566082805
e 7 11 322934011
e 2 12 1468488889
e 5 13 1753639090
e 12 14 721708229
e 7 15 1913013932
e 5 16 425463357
e 15 17 65748752
e 9 18 1884663730
e 3 19 1562155864
e 19 20 1161532955
e 10 21 282304226
e 2 22 888343929
e 8 23 1672307391
e 19 24 1253918638
e 7 25 392198031
e 14 26 1773998124
e 15 27 226348704
e 18 28 608976284
e 25 29 140796045
e 15 30 121212974
e 28 31 1643803851
e 14 32 25314607
e 25 33 1314138309
e 21 34 712711717
e 21 35 1201835716
e 2 36 720480009
e 9 37 883007803
e 13 38 165045932
e 26 39 1831895880
e 7 40 944865859
e 28 41 261894542
e 19 42 1571388138
e 13 43 298033072
e 10 44 1646862358
e 22 45 1786684418
e 9 46 665243308
e 21 47 1283298201
e 5 48 1873448539
e 35 49 2111021236
e 14 50 1003740902
e 18 31 1685900285
e 21 33 563890773
e 29 31 649192971
e 27 39 2557393628
e 13 15 4241819126
e 6 14 2521708111
e 24 41 2565691705
e 16 20 2739981106
e 1 10 2534895577
e 20 44 2357148288
e 28 37 341935619
e 7 27 3323575822
e 4 48 872078579
e 16 39 1352600629
e 5 38 492412848
e 25 36 185101728
e 40 46 2390227408
e 4 19 3771396364
e 27 49 3029376209
e 26 41 2205322384
e 14 31 2597279077
